A01	B01	C01	D01	E01	F01	G01	H01
A02	B02	C02	D02	E02	F02	G02	H02
A03	B03	C03	D03	E03	F03	G03	H03
A04	Col 01	Col 02	Col 03	Col 04	Col 05	Col 06	Col 07
A05	1	2	3	4	5	6	7
A06	8	9	10	11	12	13	14
A07	15	16	17	18	19	20	21
A08	22	23	24	25	26	27	28
A09	29	30	31	32	33	34	35
A10	36	37	38	39	40	41	42
A11	43	44	45	46	47	48	49
A12	50	51	52	53	54	55	56
A13	57	58	59	60	61	62	63
A14	64	65	66	67	68	69	70
A15	71	72	73	74	75	76	77
A16	78	79	80	81	82	83	84
A17	85	86	87	88	89	90	91
A18	92	93	94	95	96	97	98
A19	99	100	101	102	103	104	105
A20	106	107	108	109	110	111	112

